   2.0000000e+00   1.4816827e+00   1.3305303e+00  -1.2136322e+00   7.3791594e-01  -1.4275002e+00   1.1375251e+00  -1.4555893e+00  -1.2075847e+00  -1.3703486e+00  -6.1572609e-01
   2.0000000e+00  -5.5998438e-01  -8.7076316e-01  -7.6026117e-01  -4.1818647e-01  -2.8384043e+00   8.6361130e-01   2.3564407e-01  -2.9511694e-02  -5.5440791e-01   1.6328372e+00
   2.0000000e+00  -6.8520743e-01   5.2099578e-01   2.4506773e-01  -5.3790995e-01   4.6944256e-01  -8.2455569e-01  -1.1013009e+00  -9.9779765e-02  -2.4599763e+00   8.2844982e-01
   2.0000000e+00  -5.2011746e-01  -4.5717291e-01  -4.8006597e-01  -1.1354483e+00  -8.1744493e-01  -1.3275944e+00  -5.7345167e-01   1.2443154e-01  -6.1699116e-01   1.9085802e+00
   2.0000000e+00   8.3849966e-01  -3.8216020e-01  -3.7017578e-01   3.7591853e-02  -1.8607850e+00  -5.6483008e-01  -1.4283665e-01   1.4879125e+00  -1.3612172e+00  -8.3361988e-01
   2.0000000e+00   1.2830643e+00  -3.4343570e-01  -2.1684895e+00  -3.2608834e-01   1.7964028e-01  -2.4883371e-01   7.2838581e-01   1.2831690e+00   3.5262974e-01  -1.0055896e+00
   2.0000000e+00   3.7059241e-01  -9.9655390e-01   1.6655941e+00   7.4661272e-01   1.3253171e+00   4.8282646e-01  -9.9826554e-01   1.0746925e+00  -1.6601232e+00   6.8318849e-01
   2.0000000e+00   2.5392038e-01  -1.9696408e+00   7.7938375e-01   5.9705600e-01  -6.1470439e-01  -1.4968532e+00   1.5148194e+00   7.5706928e-01  -1.8104764e+00  -7.3842762e-01
   2.0000000e+00   4.9907804e-01   1.1159632e+00  -1.8082402e+00  -1.9692747e+00   1.0834706e+00  -6.0396790e-01  -1.7045433e+00   1.6322799e+00  -1.8936393e-01  -1.9469175e-01
   2.0000000e+00   1.6446984e+00   5.8268423e-01  -5.5508441e-01   3.0384076e-01   9.3172127e-01   7.9010735e-01  -9.8165818e-01  -2.2617817e-01  -7.8735543e-01  -1.2521898e+00
   2.0000000e+00  -2.3904809e+00   1.0555247e+00   6.8714009e-01  -1.5951200e+00  -2.3370157e+00   6.7738842e-01   1.6567693e+00  -1.3073181e+00  -1.5087925e+00   7.5784036e-01
   2.0000000e+00   3.3938740e-01   4.3277226e-01   1.6725087e+00   6.8419536e-02  -1.5242406e+00   6.3491444e-01  -1.9420838e+00   8.2535217e-01  -1.3573554e-01   2.3156966e-01
   2.0000000e+00  -3.1371102e-01  -1.5228061e+00  -6.7617489e-01   6.7257096e-01   5.6724411e-02   9.8903897e-01  -4.2919479e-01  -5.3662536e-01   3.4598474e-01  -9.1953612e-01
   1.0000000e+00   1.1632371e+00  -8.6009917e-01   4.2878494e-01  -7.2994923e-02   3.0439197e-01   5.3289044e-01   4.9411843e-01  -5.4856663e-01   3.5629847e-01   3.3553575e-01
   2.0000000e+00   3.9701144e-01  -6.1155836e-01   3.5121124e-01  -2.0402714e-01   2.1176845e+00  -6.4708768e-01  -6.5551292e-02   1.1670473e+00  -3.8208344e-01   3.1600287e-01
   2.0000000e+00  -1.7257714e-01  -6.3545273e-02  -4.7251986e-02  -1.0764379e+00  -2.0538032e+00   1.1919251e+00   8.1783493e-01  -2.4455533e-01  -1.7053661e-01   2.0123439e+00
   2.0000000e+00  -5.2388122e-01   1.1905176e+00  -1.1830057e+00  -1.4439728e+00   1.8692064e+00  -1.4506381e+00   2.2828157e+00   1.7784236e-01   1.1865689e+00  -3.0729159e-01
   2.0000000e+00   2.5993704e-01  -4.9285751e-01   9.0259115e-01  -1.2632960e+00  -1.5839626e-01  -1.5989790e+00  -5.4172153e-01  -2.1021982e+00  -9.0662128e-01  -2.1801934e+00
   2.0000000e+00   2.0120166e-01   3.5680325e-01   1.0054997e-01  -1.1934517e+00   1.0811174e+00   3.7660366e-01  -4.9260857e-01   2.0561926e+00   1.2178213e+00  -5.6959498e-01
   2.0000000e+00   7.4141271e-01   4.4145114e-01  -8.0753128e-01   2.9091992e-01  -3.3466374e-01   1.4464355e-01  -1.1745635e+00   4.9260324e-01   7.5113912e-01   1.1487686e+00
   2.0000000e+00   1.7970425e-01   7.8391865e-01   1.0089294e+00   7.1357805e-02   1.3356260e+00  -7.9648062e-01   8.7639423e-02   1.0172869e-01   5.2278291e-01  -1.9460941e+00
   2.0000000e+00  -1.6084557e-01   1.0045005e+00  -8.1188433e-01   2.2737902e+00   1.3838396e+00   1.0982232e+00   6.8291415e-01  -6.3421100e-01   1.8659951e+00  -5.9409222e-01
   2.0000000e+00   7.1244822e-01   5.3491734e-01  -1.6053618e+00  -1.1709354e+00  -2.0407628e-02   6.5746607e-01  -2.3413516e-01  -1.0764026e+00  -7.4203784e-01  -5.4894361e-01
   2.0000000e+00  -3.7305660e-01  -9.7653469e-02  -5.7668017e-01  -3.9106700e-01   1.5936009e+00   2.5648733e-01  -9.2945006e-01   4.7484725e-01  -8.5653969e-01  -2.0854634e+00
   2.0000000e+00  -8.6934483e-01  -1.2510773e+00   1.3016781e+00  -4.6951992e-01  -2.7255633e-01  -3.4136949e-01  -1.0544154e+00   5.3088334e-01   4.4485253e-01   1.2614077e+00
   2.0000000e+00  -3.3749579e-01  -1.3179487e-01   1.1375914e+00   6.6471531e-01  -5.6269346e-01  -1.6785012e-01   5.7230713e-01  -7.6243310e-01   1.0831777e+00   1.8322087e+00
   2.0000000e+00  -3.8945639e-01  -2.1761999e-01  -4.7348094e-01  -2.5981369e+00  -8.0260347e-01  -2.0553854e+00   7.5818674e-02   1.5032189e+00   1.8309932e-01   1.4176785e+00
   2.0000000e+00   6.1966382e-01   5.6540191e-01  -5.9131091e-01  -3.0713029e-01   7.4786419e-01  -2.3850343e-01   2.1890115e-01   2.6434639e-01   2.0212157e-01   1.1308480e+00
   1.0000000e+00   9.2069967e-01   5.7018432e-01   1.1959477e+00  -1.2139465e+00  -1.1777459e-01  -8.9119095e-01  -7.9395328e-01   1.4588703e+00   2.5882090e+00   2.8459997e-01
   2.0000000e+00   5.9343791e-01  -7.2483839e-01   5.8989183e-01   1.5151544e-01   7.6681370e-01  -1.6826982e-01  -2.3213093e+00  -6.1917323e-01   1.3079493e+00   4.7830679e-01
   2.0000000e+00  -2.1269279e+00   2.6686837e-01   1.4780472e+00   7.1817688e-01  -8.8298619e-01  -7.0663179e-01   1.1440229e+00  -5.3727498e-01  -2.0862106e+00  -2.0438648e+00
   2.0000000e+00   4.5642172e-01   8.1515064e-01  -3.2061598e-01   8.6575561e-01  -7.3077333e-01  -1.6973322e-01   9.6776477e-01  -8.8070113e-01  -9.7266228e-01   2.1577542e+00
   2.0000000e+00   1.2556866e+00   4.9232870e-01   2.8660365e-02   5.2586164e-01   8.5887983e-01   1.1969780e+00   1.2051741e+00   1.3090990e+00  -1.0208503e+00  -9.3600237e-01
   2.0000000e+00  -2.4480889e-01  -1.8378126e+00   1.3579961e+00  -5.0567677e-01  -5.5991105e-01  -1.3801294e-01  -8.7908349e-01   1.3735132e-01   2.6454632e-01  -7.1333151e-01
   2.0000000e+00  -1.2583554e-01  -6.4436255e-01  -1.4960155e-01  -3.9402907e-01   6.9267632e-01   8.4329373e-01  -3.7969147e-01  -1.8364262e+00   9.1298482e-02  -5.2037179e-01
   2.0000000e+00   1.5500614e+00   4.1409562e-01  -4.8042930e-01   3.2392764e-01   8.3721267e-01   1.1869961e+00   1.7288999e+00  -2.2726932e-01  -4.8237172e-01   3.5925253e-01
   2.0000000e+00   4.7078698e-01  -9.5953260e-01   1.3934090e-01  -6.3604938e-01   9.0298568e-01   2.4366989e+00  -1.1595552e+00  -2.7976932e-01  -9.5333750e-02   2.0460503e+00
   2.0000000e+00  -8.2008295e-01   4.3862589e-01   2.5599951e-01  -1.3349483e+00   1.4940103e-01   9.1151654e-01  -9.5147513e-01  -1.5292572e-01  -8.8887642e-01  -7.3658383e-01
   2.0000000e+00   2.5723706e+00  -1.1797631e+00   1.3228275e-01  -9.2293663e-02  -9.2131395e-01  -1.6836341e+00   4.3696548e-02  -9.6657701e-01   6.5009141e-02   1.0498066e-01
   2.0000000e+00  -5.0798148e-01   1.1136420e+00  -1.5047888e+00   9.4140829e-01   1.4299128e+00  -1.2840328e+00   5.1119634e-01  -5.6197327e-01  -1.1365399e+00   5.4602198e-01
   2.0000000e+00  -4.2784805e-01  -1.1032256e+00  -1.5523127e+00  -1.1852839e-01   1.5891725e+00  -1.5345473e+00  -4.3642002e-03  -4.2333434e-01  -2.6745945e-01   1.4965808e+00
   2.0000000e+00  -2.9968795e-01  -2.0873649e-01  -3.3103204e-01   8.9960757e-01  -2.3086828e+00  -8.4291526e-01  -1.1455935e+00  -4.5870988e-01  -1.0126167e-01  -3.8782089e-01
   2.0000000e+00   9.9303612e-01  -3.6552260e-01  -4.2891679e-01   5.2124999e-01   1.6671376e-01   7.1914524e-01   9.8209086e-01   7.7458419e-02  -8.9743577e-01  -1.3553124e+00
   2.0000000e+00  -2.5035568e+00  -1.1361071e+00   1.6774147e+00   1.3242129e+00  -1.4334427e-01  -4.3034731e-01  -2.3297672e-01   4.4937430e-01   3.4330708e-01  -8.2098509e-01
   2.0000000e+00  -6.4925003e-01   2.5195218e-01  -2.0586275e+00  -1.3317916e+00   7.7741551e-01  -9.6678254e-03  -1.6658411e+00  -7.0920529e-01   1.5937629e+00  -1.9938354e-01
   2.0000000e+00  -5.9821206e-01   1.4760654e+00  -4.3188146e-01  -1.2689807e-01   2.1002723e+00   5.7254536e-01   7.6266848e-01   3.3750206e-03  -1.3032653e+00  -5.2153660e-01
   2.0000000e+00   8.5222885e-01   4.1473285e-01  -3.9253398e-01  -7.4789507e-01   2.1119706e-01   2.8963793e+00  -1.8348438e-01   2.0734894e-01  -2.0108466e-01  -9.5814298e-01
   2.0000000e+00   5.7790998e-01   3.2305136e-01  -1.0144346e+00   9.9383877e-02  -2.2181535e+00   8.0859292e-01   1.9789732e-01  -6.0410426e-01  -7.5543353e-01   8.4007766e-01
   2.0000000e+00   2.1518260e-01   5.2770773e-01  -3.2308146e+00  -1.7395268e-02   1.3429024e-01  -6.8599901e-01   1.0570862e+00   2.6116428e+00   2.3365603e-01   8.7064481e-01
   2.0000000e+00   1.7466513e+00  -1.1242680e+00  -4.0535198e-01   1.2358113e+00  -5.3939423e-01  -1.0612368e+00   1.5308256e+00  -2.1811473e+00   6.3909979e-01   1.2030687e+00
   2.0000000e+00   5.1005843e-01   7.9073843e-01  -6.9435764e-01  -5.4940252e-01  -2.6303819e+00  -7.1222539e-01  -5.5828933e-01  -5.3932226e-01   8.8426244e-01  -7.0308546e-01
   2.0000000e+00  -4.5972788e-01   5.4197966e-01  -4.6568547e-01  -1.1167892e-01   9.1628870e-01   1.3352233e-01   1.3473833e-01   1.5054663e-01   9.4138993e-01   1.6896012e+00
   2.0000000e+00  -2.0365758e+00  -2.5923103e-01   2.6372107e+00   6.7242547e-01  -4.5019947e-01   5.9200232e-01   1.2579829e+00   5.0200249e-01  -1.1677137e+00  -2.6443019e-01
   1.0000000e+00   2.4695217e-01  -4.1235604e-01   3.1733708e-01   1.1410449e+00  -5.0929160e-01  -1.1832222e+00  -1.1745232e-01  -1.3655425e+00   2.3829504e+00   3.0594728e-01
   2.0000000e+00   1.3143829e+00  -2.2755082e-01  -1.0767158e+00  -1.6070592e+00  -1.5930831e+00   3.2668942e-01  -1.4204126e+00   1.3433796e-01  -7.4135610e-01   1.7711033e+00
   2.0000000e+00  -7.9863686e-01   5.6647115e-01   8.5825737e-01  -6.3817687e-02   1.6762860e+00  -1.0171108e+00   7.2529627e-02   1.0677133e-01  -1.1507032e+00  -9.4212004e-01
   1.0000000e+00  -8.3327076e-01  -6.9583299e-01  -7.8763783e-01   8.7965804e-02  -3.0113045e-01  -4.9195416e-01   7.7935065e-02   1.3042009e+00  -2.9889138e+00   8.1877245e-01
   2.0000000e+00  -4.1175587e-01   2.0257849e+00  -4.3426879e-01  -2.4158281e-02   5.4847909e-01   6.2685150e-01  -1.2663304e+00   4.4394132e-02  -1.0470943e+00   8.1794363e-01
   2.0000000e+00  -3.8563102e-01  -1.4119680e-01  -7.7786482e-01   4.2892842e-01  -1.5468414e-01  -5.8284560e-01   3.5300785e-01   1.5945062e+00  -1.4095099e+00  -3.9930056e-02
   2.0000000e+00   1.3384216e+00  -4.1966912e-01  -1.7464720e-01   1.7528324e+00  -1.1394670e+00   6.3558501e-01  -8.0935026e-01  -1.1604908e+00   6.7524895e-01   1.1247733e+00
   2.0000000e+00  -6.2629345e-01  -1.0114307e+00   6.8841709e-01   7.6569835e-01  -6.2338514e-01  -5.1626244e-01  -8.4051678e-01  -1.6566121e+00   1.1631589e+00  -1.9949384e+00
   1.0000000e+00  -9.1530464e-01  -6.7067328e-01   1.0875666e+00  -8.6176682e-01  -6.4238516e-01  -2.6443650e-01  -7.8134438e-02  -1.4263501e+00   6.1725302e-01   4.1895123e-01
   2.0000000e+00  -8.9573001e-02   3.9058794e-01  -5.6029859e-01  -1.0774814e-02   2.8147845e-01   8.3439909e-01   9.4892514e-01   5.6726902e-01  -2.3323899e+00   1.5313183e+00
   2.0000000e+00   1.4071421e-01  -4.7896986e-01  -1.3698181e+00   7.3405268e-01   1.9974221e+00   2.2985268e-01   7.2860185e-01   1.0734211e+00   1.9623124e-01   1.7576475e-01
   2.0000000e+00   1.1810402e+00  -1.2434862e+00  -1.1720451e+00  -4.1343323e-01   5.2940349e-02   1.2277912e+00   1.0775473e+00   1.6036068e-01  -6.5816491e-02   1.2780579e+00
   2.0000000e+00  -1.7877380e-01   3.2657579e-01  -1.4158996e+00  -7.0163385e-01  -1.9751292e-01   1.1884448e+00  -1.1002937e+00   9.2439562e-01  -2.5255590e-02  -5.2502402e-01
   2.0000000e+00   1.3989218e+00   9.1471198e-01   1.3534752e+00  -7.8898989e-01  -3.9781596e-01  -4.2061137e-02   5.7975617e-01  -5.0930291e-01  -1.6298133e-01   8.1768950e-01
   2.0000000e+00  -7.3531130e-01  -9.4165313e-01  -1.3476510e-01  -2.9402287e-01   1.3944549e+00   4.7079793e-01  -1.6597663e+00  -1.8327367e-01   2.0561888e+00   9.4806479e-01
   2.0000000e+00   1.3133989e+00  -7.2916498e-01   1.3895191e+00  -9.9532699e-01   1.1937441e+00   1.5829585e+00   2.2294555e+00   1.7346166e+00  -1.5763032e+00   1.8618534e-01
   2.0000000e+00  -1.4738027e+00  -1.3101377e+00   1.3019888e-01  -1.4739991e-01  -1.0503200e+00  -4.7466523e-01   1.4631214e+00  -4.9154919e-01  -2.4996274e-01  -3.5095460e-01
   2.0000000e+00   2.5478510e+00  -7.0043836e-01  -1.0027465e+00   2.6947535e-01  -9.7834335e-01  -1.8996922e-01  -5.1972177e-02  -3.4890847e-01  -1.7577177e-01  -1.4704349e+00
   2.0000000e+00  -3.6394525e-01   2.0383028e+00  -1.5376696e-01   6.6465524e-01   5.6226594e-01   1.0722669e-01  -5.9967208e-01  -6.3227852e-01   1.4898844e-03  -2.8667421e-01
   2.0000000e+00   1.1675671e+00   8.6925781e-02   1.5855612e+00   9.0651977e-01   7.1910992e-01   1.3336409e+00   2.9856655e-01   8.1151157e-01  -5.0785375e-01   1.1553041e+00
   2.0000000e+00   9.4445115e-01   1.0544540e+00  -3.0977331e-01   9.4731849e-01   1.1311872e+00   8.7302840e-01  -5.0916994e-01   9.0211558e-01   6.1131268e-01   1.9237608e+00
   2.0000000e+00  -1.8126724e+00  -7.2430982e-01  -1.1506504e+00  -7.5750611e-01   5.3275447e-01   1.8572920e+00   3.5900960e-01  -8.1880357e-01   1.3484547e-01  -9.1498600e-01
   2.0000000e+00  -2.9048191e-01   8.3970292e-03   1.9629678e+00   3.0962505e-01  -5.6552866e-01   9.4175775e-01  -2.2318522e-02   1.1408135e+00  -5.6877007e-01   9.9083610e-01
   2.0000000e+00  -2.2579116e+00   7.2167064e-01   1.8876490e+00  -2.1778072e+00  -6.5636427e-01  -5.0147654e-01  -2.6764516e-01  -2.4263446e-02  -2.0679100e+00  -7.5857151e-01
   2.0000000e+00   8.7544873e-01  -7.7377765e-01  -3.2441688e-02  -6.9182743e-02  -8.1841761e-01   2.3979355e-01   2.8945421e+00   1.0057469e+00  -1.3724583e+00   1.0909824e+00
   2.0000000e+00  -1.0752795e-01   7.8769260e-01  -5.2247359e-01  -1.5842322e-02   1.4070729e+00   5.6866171e-01   1.5373070e-01  -1.9395755e-01  -2.9401011e-01  -1.8155947e+00
   2.0000000e+00   1.2588104e-01  -4.3484924e-01   1.1266534e+00  -9.1953104e-01   5.3894441e-01   2.2127423e-01  -1.9891550e+00  -1.0206246e+00  -1.2512467e+00  -6.5598187e-01
   2.0000000e+00  -1.6161728e+00  -5.7285827e-01  -1.2453963e-01  -9.5788964e-01  -1.2616351e+00  -5.5996391e-01   1.4417555e+00  -4.5371646e-01   1.0591053e-01  -1.7338553e+00
   2.0000000e+00   4.9286395e-01   1.6898440e+00   8.9531946e-01   1.5447785e+00  -2.0393142e+00  -5.9226388e-01   2.0948877e-02   1.8477935e+00   1.6610753e-01  -4.3928132e-01
   2.0000000e+00   7.5453392e-01   3.8192883e-01   5.8057453e-01  -3.9121640e-02   1.4854866e+00   1.2382928e+00   4.4550361e-01   6.3833458e-01  -5.8066895e-01  -9.8919836e-01
   2.0000000e+00  -8.8410777e-01   1.3790491e+00  -9.2084806e-01  -8.4584673e-01  -7.4510703e-01  -1.3231162e-02  -5.1194990e-01   3.0775794e-01  -2.1872232e-01  -2.9847925e-01
   2.0000000e+00   6.7340668e-02  -2.2639379e+00  -2.3176333e+00  -3.5363223e-01   8.7994346e-02   2.9095234e+00  -7.7201645e-01  -9.6165852e-01   1.2537818e+00  -3.6480718e-01
   2.0000000e+00  -8.6956757e-01   1.1279329e+00   1.7470206e-01   1.2936852e+00  -2.8594262e-02  -1.1421115e+00   3.3994882e-01   1.3505214e-01  -2.4513069e-01  -1.7332398e+00
   2.0000000e+00  -1.4701923e+00  -8.8210135e-01  -1.4622253e+00   1.6401345e+00  -7.3419813e-01   2.0469679e-01   1.9065022e-01   1.6602668e-02  -1.1003672e+00  -1.5604764e+00
   2.0000000e+00   6.3737229e-01   3.5595146e-01   2.9727958e-02   1.6441014e+00  -2.0037544e+00   5.4555083e-01  -5.4445465e-01  -6.6178666e-01   1.9198243e+00  -3.2636275e-01
   2.0000000e+00   5.0747046e-02  -8.2185308e-01  -1.0677176e+00  -1.6753718e+00   1.0107094e+00  -1.2444402e+00  -1.9585812e-01   8.4368032e-01   3.0215286e+00   9.6764221e-01
   2.0000000e+00  -1.2593375e+00   1.6928614e-01   1.9725271e+00  -6.8078905e-01   8.4300962e-01   1.0172430e-01  -2.7612148e-01  -1.9061211e+00  -2.8812268e-01  -1.3606706e+00
   2.0000000e+00  -4.0744484e-01  -1.5261422e+00   8.6226943e-01   1.3585495e+00  -1.0815331e+00   2.6593911e-01  -4.2332916e-01  -1.4887409e-01  -8.9637859e-01  -2.9720073e-03
   2.0000000e+00  -7.1977707e-01  -1.6207229e+00   2.1638912e-01   2.1190538e+00   1.3724223e+00   9.2608106e-01  -1.3508767e+00   2.4252833e-02   2.0921009e+00   6.1825496e-01
   2.0000000e+00   1.0734296e-01  -7.7082927e-01  -1.0802904e+00  -6.3047705e-01   7.8505846e-01  -6.3463444e-01  -9.2877093e-01   1.2184770e+00   1.3683844e+00   1.1215109e+00
   2.0000000e+00  -1.3818776e-01  -5.8212565e-02  -4.8854927e-01  -1.6861810e+00  -2.3978649e+00  -6.5337380e-01   2.2226414e+00  -3.1702864e-01   3.8970384e-01   3.5976720e-01
   2.0000000e+00   5.1500819e-01  -7.8464041e-01  -5.3833523e-01   1.5167415e+00   5.3990703e-01   6.4386056e-02  -7.4368926e-01   1.6727010e+00   8.8832887e-02  -7.3903705e-01
   1.0000000e+00   4.5027558e-01   1.4348104e+00   8.2955478e-01   2.4817783e-01  -2.1445509e-01  -1.4416051e+00  -2.3448489e+00  -7.5159074e-01   4.7633660e-01   5.4529735e-01
   2.0000000e+00  -6.9759452e-01   4.7766504e-01   2.2036056e-01  -4.0928490e-01   1.1476906e+00  -2.7402933e-01  -8.4330898e-01   1.4350953e+00  -2.0825307e+00  -7.5057925e-01
   2.0000000e+00  -5.9037716e-01   1.1902403e+00   1.2526017e+00   6.4029518e-01  -4.1302243e-01  -8.7346356e-01  -1.0083683e+00  -2.0711535e+00   6.3478385e-01  -2.3737151e+00
   2.0000000e+00   9.2979541e-01   4.2970977e-01  -1.0342346e+00  -8.5762280e-01  -1.1794086e+00  -3.3765863e-01  -1.0622956e+00  -9.5742913e-01   1.8455998e+00   9.1887794e-01
   2.0000000e+00  -5.9433276e-01  -2.0170641e+00   6.6892769e-01  -7.1497925e-01   1.2581336e+00  -3.1085806e-01   5.1665350e-01   1.0639080e-01  -4.5216961e-01  -2.8896225e-01
